x,y
1.1855,0.0000
1.2677,0.0143
1.6784,-0.0048
2.4204,-0.0362
3.3818,-0.0671
5.5810,-0.0671
6.9220,-0.0671
8.1228,-0.0407
8.8622,0.0085
9.1517,0.0319
9.3610,0.0509
9.6992,0.0825
10.1338,0.1264
10.7620,0.1949
11.1970,0.2416
11.5192,0.2732
11.8897,0.2985
12.3408,0.3235
12.7597,0.3235
13.2430,0.3235
14.6124,0.2993
15.5791,0.2188
17.0935,0.0691
18.3018,-0.0349
18.7529,-0.0721
18.9946,-0.0919
19.2846,-0.1173
19.7679,-0.1571
20.3318,-0.2026
20.9601,-0.2450
22.2328,-0.3351
22.7000,-0.3650
23.1512,-0.3834
23.6023,-0.3955
24.0372,-0.3955
24.4722,-0.3955
24.9877,-0.3774
25.6161,-0.3432
26.4861,-0.2581
27.6138,-0.1358
28.3871,-0.0520
28.6449,-0.0228
28.7899,-0.0060
29.9176,0.1265
30.8198,0.2004
31.7220,0.2145
32.8498,0.2273
33.8003,0.2747
34.1708,0.2970
34.5091,0.3169
35.0247,0.3367
35.5886,0.3618
36.2169,0.3771
36.7969,0.3771
37.1997,0.3771
37.6507,0.3738
38.1179,0.3521
38.7139,0.3066
39.9055,0.1898
41.2079,0.0775
41.8656,0.0180
42.0737,-0.0032
42.2650,-0.0231
42.7435,-0.0717
43.4239,-0.1413
44.6543,-0.2666
45.1110,-0.3090
45.5593,-0.3404
46.1003,-0.3591
46.5143,-0.3591
46.8638,-0.3591
47.2152,-0.3434
47.6435,-0.3091
48.1038,-0.2502
48.9111,-0.0954
49.8550,0.1143
50.4551,0.2562
50.8180,0.3369
51.2783,0.4120
51.7833,0.4598
52.1492,0.4699
53.4895,0.4155
54.6196,0.2554
55.2810,0.1084
55.5753,0.0341
55.8652,-0.0594
56.2438,-0.2106
56.7222,-0.4270
57.1537,-0.6615
57.6289,-0.9517
58.0629,-1.2974
59.1219,-2.2875
59.4390,-2.6469
59.9621,-3.2332
60.8426,-4.3867
61.1513,-4.8909
61.2751,-5.1267
61.4336,-5.4195
61.6212,-5.8353
61.8242,-6.4515
62.3741,-8.9320
62.5206,-10.1525
62.5242,-10.5541
62.4980,-11.3172
62.4838,-12.6738
62.4825,-13.6811
62.4791,-14.0996
62.4755,-14.2998
62.4694,-14.5363
62.4486,-15.0276
62.4132,-15.5735
62.3268,-16.4584
62.1553,-17.6503
62.0127,-18.4182
61.9387,-18.7966
61.8604,-19.2762
61.7906,-19.7639
61.7267,-20.4659
61.6455,-21.8407
61.6629,-22.3848
61.7212,-22.9207
61.8179,-23.4833
61.8923,-23.8225
62.0149,-24.2238
62.1858,-24.6802
62.5297,-25.3746
63.3293,-26.6411
64.1470,-27.7212
64.6121,-28.2380
64.9024,-28.5292
65.1895,-28.7704
65.5748,-29.0588
66.2835,-29.5164
67.0925,-29.9584
67.5527,-30.1543
67.8795,-30.2642
68.5331,-30.4304
70.0302,-30.6698
70.4374,-30.7089
70.7869,-30.7324
71.1719,-30.7660
71.5497,-30.7951
71.9389,-30.8224
72.2189,-30.8462
72.4379,-30.8632
72.5629,-30.8632
72.8137,-30.8696
73.5429,-30.8757
76.0227,-30.9156
76.7909,-30.9682
77.1513,-30.9926
77.5603,-31.0042
78.3536,-31.0088
79.4092,-31.0327
80.2122,-31.0809
80.6947,-31.1075
81.0810,-31.1247
81.4998,-31.1294
82.2124,-31.1293
83.4145,-31.1150
83.9325,-31.0857
84.2878,-31.0433
84.7268,-30.9711
85.1969,-30.8719
87.3473,-29.9812
88.2623,-29.4686
88.7689,-29.1056
89.0416,-28.8933
89.3223,-28.6381
89.6091,-28.3402
89.9510,-27.9523
90.3438,-27.4036
90.6056,-26.9588
90.8141,-26.5255
91.2714,-25.3074
91.5980,-24.1418
91.8537,-22.9281
91.9212,-22.4307
91.9558,-22.1111
91.9707,-21.6689
91.9373,-20.7829
91.8950,-19.6288
91.8799,-18.5801
91.8649,-17.9372
91.8356,-17.2588
91.7981,-16.0502
91.7774,-13.1106
91.7753,-12.1489
91.7625,-11.4631
91.7339,-10.7679
91.6923,-10.1495
91.6068,-9.2624
91.4464,-8.0888
91.3148,-7.3474
91.2319,-6.8552
91.1602,-6.4165
91.0987,-5.9280
91.0388,-4.7874
91.0903,-4.2343
91.2043,-3.6281
91.3738,-3.0438
91.5656,-2.5749
91.7086,-2.2680
91.9062,-1.8759
92.2187,-1.4099
92.5887,-0.9505
92.9593,-0.5604
93.3066,-0.2296
93.6702,0.0659
94.0305,0.3174
94.4403,0.5664
95.0888,0.8541
96.1462,1.1733
96.7060,1.2497
97.1857,1.2556
97.7793,1.2314
98.2570,1.1763
98.7581,1.1104
99.7409,0.9920
100.8846,0.9240
101.8668,0.9240
102.4298,0.9240
102.8156,0.9320
103.4733,0.9451
104.0498,0.9503
104.4154,0.9503
104.7011,0.9503
105.1292,0.9488
105.7525,0.9360
106.2899,0.9052
106.9219,0.8442
107.8886,0.7357
108.7856,0.6404
109.2321,0.5912
109.4671,0.5611
109.8881,0.5017
110.2519,0.4465
110.5108,0.4465
110.7770,0.4465
110.9535,0.4586
111.0403,0.4659
111.0795,0.4715
111.1362,0.4846
111.2249,0.5225
111.3351,0.5940
111.4756,0.7017
111.5547,0.7663
111.7279,0.8772
111.8641,0.9363
111.9886,0.9654
112.0940,0.9654
112.2177,0.9654
112.3365,0.9579
112.4691,0.9289
112.7269,0.8815
113.0575,0.8360
113.4772,0.8128
113.7396,0.7979
114.2702,0.7333
114.5681,0.7025
114.6253,0.6949
114.9197,0.6463
115.5354,0.5201
115.9230,0.4332
115.9775,0.4182
116.2492,0.3299
116.8245,0.0790
117.2381,-0.1755
117.4661,-0.3519
118.0398,-0.8695
118.5042,-1.4066
118.8000,-1.8149
119.0305,-2.1884
119.2287,-2.6035
119.3848,-3.0071
119.5223,-3.4727
119.6086,-3.8945
119.6542,-4.1422
119.6945,-4.4269
119.7525,-5.2443
119.6791,-6.1563
119.6524,-6.5689
119.6433,-6.7274
119.6351,-7.2719
119.6086,-8.2303
119.5614,-9.1041
119.5355,-9.4723
119.5246,-9.7113
119.5390,-10.2075
119.5498,-10.7431
119.5199,-11.3087
119.5246,-12.1090
119.5639,-12.6991
119.5908,-13.0841
119.6191,-13.6515
119.6239,-14.4441
119.6329,-15.4109
119.6651,-16.1036
119.6969,-16.6997
119.7095,-17.0702
119.7245,-18.2302
119.7614,-20.0669
119.7777,-20.4857
119.7797,-20.5502
119.7866,-20.8563
119.8103,-21.6135
119.8112,-22.1452
119.8112,-22.6606
119.8112,-23.1118
119.7907,-23.5790
119.6965,-24.5939
119.3622,-27.8322
119.2857,-28.6216
119.2425,-29.3306
119.2276,-30.1522
119.2023,-31.2316
119.1796,-31.8752
119.1616,-32.2108
119.1479,-32.4647
119.1295,-32.7827
119.0932,-33.3048
119.1013,-34.5075
119.1038,-35.0973
119.1038,-35.7088
119.1118,-36.2567
119.1544,-36.9172
119.2396,-37.8999
119.3212,-38.8005
119.3585,-39.2495
119.3789,-39.5554
119.4992,-40.8940
119.6066,-41.7877
119.6336,-42.1760
119.6443,-42.8257
119.6924,-44.1800
119.7558,-45.3239
119.7754,-45.8233
119.7754,-46.0649
119.7754,-46.4838
119.7757,-47.4827
119.7757,-48.6588
119.7757,-49.3838
119.7799,-49.7544
119.7837,-50.0606
119.7837,-50.4957
119.7837,-50.9470
119.7809,-52.1084
119.7708,-52.6900
119.7244,-53.4350
119.6122,-54.6560
119.5010,-55.8094
119.4304,-56.4799
119.3951,-56.7996
119.3483,-57.3289
119.3110,-58.2820
119.2868,-59.5301
119.2576,-60.4988
119.2284,-61.3013
119.2065,-61.9503
119.1991,-62.7421
119.1991,-63.3018
119.1991,-64.0084
119.2295,-64.8555
119.3430,-66.3390
119.5020,-67.8913
119.6457,-69.3135
119.7247,-70.2962
119.7714,-71.3159
119.7822,-72.3254
119.7868,-73.9711
119.8705,-78.5392
119.9069,-79.4463
119.9109,-79.9389
119.8762,-80.4299
119.8183,-81.0270
119.7155,-81.6852
119.5885,-82.3096
119.4308,-82.8444
119.2928,-83.2952
118.9100,-84.3056
118.2585,-86.0461
117.8512,-86.9808
117.6482,-87.3923
117.3075,-88.0641
116.7984,-88.9503
116.5453,-89.3527
116.2532,-89.7895
115.6882,-90.5441
115.2347,-91.0915
114.9690,-91.3867
114.5140,-91.8581
111.9470,-94.1265
111.4420,-94.5227
111.2977,-94.6331
110.8078,-94.9403
110.3223,-95.2209
109.8773,-95.4336
109.2515,-95.6944
108.2719,-96.0501
107.4785,-96.3028
107.0412,-96.4285
106.5814,-96.5442
105.5907,-96.7569
104.4862,-96.9638
103.8476,-97.0298
103.5199,-97.0357
102.8107,-97.0391
101.9264,-97.0794
101.1155,-97.0817
98.0059,-97.0829
97.2277,-97.1264
96.9654,-97.1304
96.6366,-97.1391
95.2298,-97.1779
93.2101,-97.2410
92.3139,-97.2780
91.7811,-97.3058
91.4062,-97.3219
91.0579,-97.3376
90.5490,-97.3581
89.9118,-97.3742
89.3898,-97.3932
88.8452,-97.4030
88.2885,-97.4119
87.6657,-97.4264
85.3035,-97.2776
84.0364,-96.4151
83.0359,-95.8944
82.7866,-95.7378
82.3752,-95.4558
81.6113,-94.8259
81.0071,-94.2281
80.5023,-93.6777
80.0639,-93.1220
78.3313,-84.4634
78.3313,-83.5447
78.3313,-82.4168
78.3313,-81.6596
78.3313,-80.9669
78.3313,-79.6297
78.3313,-79.0658
78.3313,-78.5019
77.8633,-78.0831
77.8436,-77.5997
77.8045,-76.7459
77.7528,-75.9081
77.7055,-75.1992
77.6859,-74.8448
77.6859,-74.2004
77.6859,-73.3948
77.7053,-72.8794
77.7458,-72.4446
77.7905,-72.0100
77.8915,-71.1251
77.9821,-69.9059
78.0160,-69.0302
78.0364,-68.6510
78.0590,-67.5457
77.8876,-65.9718
77.7306,-65.3306
77.6584,-65.0747
77.4875,-64.5714
77.1639,-63.8869
76.8775,-63.4246
76.7086,-63.1884
76.6421,-63.1015
76.5952,-63.0349
76.5290,-62.9351
76.4510,-62.8116
76.3296,-62.5743
76.1427,-62.1494
75.8345,-61.5207
75.6530,-61.2389
75.2801,-60.8376
74.9966,-60.6145
74.7371,-60.4429
74.4404,-60.2765
74.1370,-60.1427
73.7313,-59.9837
72.8601,-59.7525
72.1694,-59.6635
71.6294,-59.6339
71.2530,-59.6264
70.9383,-59.6266
70.5668,-59.6451
70.2250,-59.6641
69.7241,-59.6996
68.3134,-59.7898
67.6153,-59.8361
67.2359,-59.8730
66.8604,-59.9216
66.0927,-60.0159
65.3733,-60.0719
64.8062,-60.0771
64.0817,-60.0774
63.7037,-60.0800
63.3142,-60.0565
63.0723,-60.0462
62.9769,-60.0448
62.9221,-60.0477
62.8241,-60.0530
62.6969,-60.0627
62.6283,-60.0759
62.5786,-60.0935
62.5271,-60.1259
62.4720,-60.1923
62.4014,-60.3103
62.3140,-60.4303
62.2327,-60.5116
62.1537,-60.5725
61.9898,-60.6704
61.8350,-60.7224
61.4176,-60.7825
60.8203,-60.8493
60.2226,-60.9563
60.0072,-60.9885
59.7705,-61.0210
59.4139,-61.0410
58.8624,-61.0535
58.0231,-61.0858
56.5357,-61.1970
56.0315,-61.2481
55.6362,-61.2742
55.1926,-61.3012
54.6687,-61.3208
54.1940,-61.3208
53.7520,-61.3208
53.3121,-61.3151
51.9204,-61.2559
51.4116,-61.1545
51.0227,-61.0626
50.6807,-60.9418
50.2512,-60.7576
49.7578,-60.4962
49.3372,-60.2095
49.0244,-59.9431
48.6477,-59.5520
46.9308,-57.5597
46.3647,-56.4798
46.1910,-56.0634
46.1093,-55.8320
45.9439,-55.2236
45.8488,-54.6670
45.8345,-53.9961
45.8283,-53.1369
45.8282,-52.3356
46.1756,-51.8058
46.1756,-51.0819
46.1756,-50.5990
46.1756,-49.8261
46.1756,-49.3750
46.1756,-48.0702
46.1756,-47.2323
46.1756,-46.6683
46.1756,-39.9800
46.1755,-39.5208
46.1742,-39.0674
46.1613,-38.5391
46.0119,-37.3389
45.7704,-36.3954
45.5417,-35.7634
45.2388,-35.1032
45.6315,-34.1390
45.1730,-33.5017
44.6907,-32.9330
44.2109,-32.4547
42.8511,-31.4367
42.0523,-31.0202
41.3540,-30.7508
40.7197,-30.5831
40.0478,-30.4832
39.3766,-30.4237
38.7542,-30.4211
38.2416,-30.4541
37.9374,-30.4807
37.1983,-30.5641
35.6557,-30.7022
33.9659,-30.8113
32.9783,-30.8113
32.8428,-30.8113
32.3932,-30.8088
31.7966,-30.7968
31.3052,-30.7813
30.8966,-30.7744
30.6356,-30.7723
30.2626,-30.7723
29.7923,-30.7723
28.7579,-30.7841
28.0285,-30.8157
26.3462,-30.9779
25.0851,-31.0577
24.5050,-31.1096
24.2795,-31.1294
23.7640,-31.1730
22.9745,-31.2402
22.3946,-31.2811
21.7340,-31.3000
20.7352,-31.3112
19.8169,-31.3354
19.2368,-31.3592
18.8825,-31.3714
18.4958,-31.3854
18.0286,-31.3998
17.4808,-31.4031
17.0619,-31.4031
16.7075,-31.4031
16.3048,-31.3994
15.8698,-31.3860
15.4348,-31.3685
14.9031,-31.3378
13.2437,-31.2104
12.2449,-31.1038
11.8259,-31.0499
11.6327,-31.0238
11.2781,-30.9756
10.7304,-30.9073
10.2149,-30.8497
9.6993,-30.8093
9.2643,-30.7824
8.9421,-30.7721
8.5877,-30.7654
8.1688,-30.7617
7.7651,-30.7618
7.1780,-30.7660
6.9967,-30.7714
6.5662,-30.7946
5.9612,-30.8507
5.1685,-30.9113
4.9374,-30.9287
4.3412,-31.0014
3.3947,-31.1956
2.7538,-31.3798
2.3915,-31.4960
2.0331,-31.6191
1.6190,-31.7773
1.2020,-31.9353
0.7755,-32.1240
0.3494,-32.3198
-0.0921,-32.5558
-0.4099,-32.7332
-0.8387,-32.9861
-1.3037,-33.2857
-1.7673,-33.6130
-2.2284,-33.9674
-2.6143,-34.2835
-2.8387,-34.4783
-3.0226,-34.6430
-3.3641,-34.9525
-3.8603,-35.4266
-4.6789,-36.3550
-4.9883,-36.7251
-5.2712,-37.0762
-5.5532,-37.4683
-5.8421,-37.8772
-6.0882,-38.2759
-6.3280,-38.6972
-6.5008,-39.0204
-6.6810,-39.3772
-6.8646,-39.7684
-7.0692,-40.2600
-7.2486,-40.7109
-7.4246,-41.2353
-7.5524,-41.6328
-7.6687,-42.0860
-7.7818,-42.5369
-7.8765,-43.0243
-8.0491,-44.0193
-8.1388,-44.6366
-8.2308,-45.4131
-8.2607,-46.1832
-8.2775,-47.0338
-8.2560,-47.7168
-8.1587,-48.6908
-8.0764,-49.3643
-7.9974,-49.8238
-7.9200,-50.2025
-7.8092,-50.6774
-7.5045,-51.6232
-7.3241,-52.0782
-6.9461,-52.9507
-6.7280,-53.4206
-6.5083,-53.8378
-6.2859,-54.2359
-5.9394,-54.8343
-5.6282,-55.3427
-5.4170,-55.6634
-4.9094,-56.4609
-4.6568,-56.8416
-4.5017,-57.0770
-4.1966,-57.4773
-3.8067,-57.9048
-3.4996,-58.2168
-3.1410,-58.5541
-2.3287,-59.2417
-1.7943,-59.6536
-1.4749,-59.8916
-1.1593,-60.1071
-0.7666,-60.3586
-0.3283,-60.5918
0.0916,-60.7886
0.8204,-61.0848
1.9549,-61.5372
2.8363,-61.8486
3.6017,-62.0629
4.0545,-62.1716
4.7996,-62.3146
6.2386,-62.4517
7.0650,-62.4725
7.4755,-62.4734
7.7534,-62.4765
8.0665,-62.4852
9.1286,-62.5133
9.6332,-62.5252
10.1259,-62.5252
10.5559,-62.5252
11.1624,-62.5185
11.8848,-62.4888
12.7442,-62.4183
13.8671,-62.2909
14.9952,-62.1542
15.5399,-62.0834
15.9355,-62.0270
16.3491,-61.9723
17.0227,-61.9056
18.1729,-61.8277
19.2613,-61.7299
19.9310,-61.6515
20.6746,-61.5523
21.1983,-61.4774
22.1590,-61.3853
22.6778,-61.3564
23.0985,-61.3322
23.4891,-61.3195
24.0109,-61.3234
24.5058,-61.3593
24.9958,-61.4591
26.1793,-61.8677
26.7522,-62.1981
27.5753,-62.8079
27.9287,-63.1445
28.2342,-63.4690
28.5250,-63.8316
28.7957,-64.2195
29.0469,-64.6545
29.2863,-65.1743
29.4756,-65.7169
29.5938,-66.2378
29.6991,-67.0576
29.7175,-68.1278
29.6779,-68.9447
29.6495,-69.3475
29.5909,-71.7480
29.5875,-72.4408
29.5875,-72.8114
29.5909,-73.5363
29.6152,-74.7608
29.6449,-75.4535
29.6559,-75.8885
29.6795,-76.6296
29.7357,-77.5640
29.7605,-78.0474
29.7867,-78.9496
29.7867,-79.5134
29.7867,-80.2545
29.7836,-81.3178
29.7778,-81.9139
29.7563,-82.2844
29.7270,-82.6710
29.7035,-82.8804
29.6582,-83.2508
29.4841,-85.8866
29.4780,-86.0468
29.4760,-86.0948
29.4675,-86.3977
29.4482,-87.1924
29.4419,-87.8654
29.4409,-87.9438
29.4409,-88.3755
29.4394,-89.3256
29.4187,-89.8544
29.4117,-89.9276
29.4027,-90.0007
29.1609,-91.3758
28.9057,-92.3025
28.8657,-92.4540
28.8270,-92.5957
28.6480,-93.1940
28.5436,-93.5076
28.4844,-93.6939
28.3711,-93.9395
28.2415,-94.1610
28.0928,-94.3737
27.9542,-94.5295
27.8077,-94.6891
27.6406,-94.8508
27.0434,-95.3665
26.8225,-95.5332
26.5137,-95.7439
25.9733,-96.0987
25.5180,-96.3495
25.3499,-96.4119
24.9742,-96.5360
24.5003,-96.6917
24.1719,-96.7801
23.8596,-96.8293
22.6296,-96.9200
22.2279,-96.9195
22.0122,-96.9197
21.6227,-96.9227
20.9451,-96.9247
20.3044,-96.9587
20.0019,-96.9834
19.8161,-96.9971
19.5633,-97.0180
19.2282,-97.0438
18.8303,-97.0671
18.4774,-97.0784
18.1986,-97.0784
17.9625,-97.0784
17.6701,-97.0723
17.4834,-97.0663
16.6441,-97.0153
16.2062,-96.9660
15.5635,-96.8528
14.9604,-96.7104
14.7714,-96.6538
14.6623,-96.6206
14.4404,-96.5731
13.9723,-96.5369
13.3478,-96.5135
12.7659,-96.4784
12.3787,-96.4501
12.1347,-96.4311
11.5513,-96.3998
10.8353,-96.3789
10.4591,-96.3780
10.1579,-96.3780
9.8116,-96.3780
9.1938,-96.3932
8.6160,-96.4258
7.9652,-96.4787
6.7505,-96.6009
5.6253,-96.7038
5.0457,-96.7565
4.8525,-96.7750
4.7076,-96.7889
4.4016,-96.8194
3.9828,-96.8587
3.5478,-96.8975
2.2913,-97.0066
1.9207,-97.0342
1.2119,-97.0744
0.7446,-97.0885
0.3418,-97.0915
-0.1898,-97.0915
-0.7214,-97.0915
-1.3175,-97.0584
-2.1391,-96.9862
-3.4441,-96.8596
-4.3142,-96.7786
-4.6847,-96.7426
-5.3614,-96.6747
-6.1508,-96.5896
-6.7308,-96.5239
-7.1174,-96.4834
-7.5846,-96.4362
-8.1807,-96.3880
-8.7446,-96.3515
-9.1956,-96.3364
-9.6146,-96.3338
-10.0335,-96.3338
-10.4684,-96.3338
-10.9034,-96.3507
-11.3868,-96.3917
-11.9506,-96.4653
-14.5928,-96.9038
-15.4789,-97.0679
-16.1555,-97.1765
-16.7353,-97.2414
-17.2831,-97.2690
-17.8144,-97.2853
-18.6352,-97.2937
-19.3268,-97.3081
-19.7117,-97.3124
-20.0486,-97.3124
-20.4487,-97.3124
-20.9907,-97.2882
-21.7345,-97.2537
-22.3931,-97.2346
-22.7166,-97.2285
-23.1019,-97.2022
-23.5817,-97.1582
-23.9683,-97.1082
-24.6685,-97.0224
-25.8989,-96.8884
-26.0223,-96.8667
-26.0962,-96.8536
-26.5068,-96.7515
-26.9885,-96.6134
-27.2226,-96.5390
-27.5696,-96.4343
-28.2466,-96.1800
-28.7123,-95.9996
-29.2044,-95.8439
-29.6631,-95.7202
-30.4324,-95.4618
-30.7364,-95.3137
-31.0560,-95.1378
-31.2983,-94.9692
-31.5440,-94.7908
-31.7751,-94.5877
-31.4798,-93.8550
-31.6971,-93.6322
-31.9071,-93.4006
-32.1521,-93.1032
-32.3811,-92.8095
-32.6096,-92.5030
-32.7598,-92.2906
-32.9051,-92.0724
-34.4281,-88.3504
-34.5911,-87.2599
-34.6044,-87.0677
-34.6151,-86.7631
-34.6187,-86.2646
-34.6190,-85.3795
-34.6190,-83.8817
-34.6190,-82.3030
-34.8546,-82.0130
-34.8531,-81.2074
-34.8531,-80.3213
-34.8380,-79.8058
-34.8053,-79.0970
-34.7261,-77.8080
-34.6390,-76.5031
-34.5952,-75.9392
-34.5820,-75.7781
-34.5637,-75.5686
-34.5245,-75.1330
-34.4834,-74.5814
-34.4200,-73.3096
-34.3744,-72.7183
-34.3358,-72.1386
-34.3226,-71.7036
-34.3224,-71.2686
-34.3224,-70.9141
-34.3224,-70.5436
-34.3352,-70.1408
-34.3654,-69.6575
-34.3990,-69.1741
-34.4715,-68.4009
-34.5612,-67.5309
-34.6289,-66.8864
-34.6617,-66.5803
-34.6808,-66.3870
-34.7114,-66.0487
-34.7497,-65.5331
-34.7568,-64.8404
-34.7568,-63.4387
-34.7568,-62.4077
-34.7049,-61.5215
-34.6478,-60.7482
-34.6293,-60.5066
-34.6055,-60.1522
-34.6055,-59.3627
-34.6055,-58.6861
-34.6359,-57.8966
-34.6858,-57.2361
-34.7173,-56.8655
-34.7268,-56.7528
-34.7524,-56.4467
-34.8404,-55.2222
-34.8510,-54.5939
-34.8510,-54.0784
-34.8510,-53.2407
-34.7701,-51.8552
-34.6849,-50.7274
-34.6462,-50.3246
-34.6429,-50.2924
-34.6244,-50.1152
-34.5753,-49.6480
-34.5126,-49.1002
-34.4553,-48.5846
-34.4128,-48.1819
-34.3820,-47.7630
-34.3558,-47.2957
-34.3558,-46.7964
-34.3558,-46.3613
-34.3651,-45.7955
-34.5482,-43.9109
-34.6336,-42.8508
-34.7702,-41.2880
-34.8221,-40.4664
-34.8266,-40.0636
-34.8266,-39.8703
-34.8266,-39.4192
-34.8266,-38.6620
-34.8266,-37.9853
-34.8287,-37.4859
-34.8367,-37.0191
-34.9134,-35.7042
-34.9759,-35.1712
-34.8203,-34.9902
-34.8216,-34.6357
-34.8216,-33.5564
-34.8216,-32.8314
-34.8216,-32.7024
-34.8216,-32.5414
-34.8216,-31.7681
-34.8216,-30.5276
-34.8216,-22.0208
-34.8216,-21.5536
-34.8216,-21.3120
-34.8216,-21.0058
-34.8216,-19.3143
-34.8216,-18.6859
-34.8216,-18.0899
-34.8216,-17.5259
-35.0334,-16.5755
-35.1302,-15.5283
-35.1923,-14.8516
-35.2702,-13.9172
-35.3041,-13.3856
-35.3146,-12.6608
-35.3150,-12.2099
-35.3153,-11.3085
-35.3676,-10.0528
-35.3334,-9.2463
-35.2830,-8.7559
-35.1908,-8.1864
-34.8372,-7.0291
-34.6781,-6.6001
-34.5236,-6.2366
-34.3017,-5.8403
-34.0376,-5.4170
-33.7710,-5.0724
-33.2963,-4.5025
-32.4321,-3.5396
-32.1123,-3.2625
-31.7455,-2.9606
-31.3688,-2.6122
-31.1850,-2.4430
-30.8368,-2.1292
-30.6007,-1.9397
-30.4299,-1.8168
-30.3071,-1.7398
-30.0684,-1.5981
-29.4607,-1.2192
-29.2660,-1.1105
-29.1272,-1.0317
-28.8002,-0.8634
-28.4323,-0.6493
-28.1691,-0.5187
-27.8616,-0.3810
-27.4420,-0.2041
-27.0029,-0.0385
-26.6527,0.0726
-26.4172,0.1328
-26.1362,0.1990
-25.8618,0.2431
-25.5374,0.2724
-25.2073,0.2798
-24.7596,0.2659
-23.5099,0.1960
-22.6449,0.1148
-22.0630,0.0426
-21.8579,0.0132
-21.5233,-0.0353
-20.9974,-0.1090
-20.3244,-0.1889
-19.4249,-0.2570
-18.7009,-0.2720
-18.2179,-0.2720
-17.8958,-0.2720
-17.5414,-0.2536
-17.1549,-0.2227
-15.3988,0.0042
-14.5611,0.1806
-13.8845,-0.0000
-13.6588,-0.0000
-13.4817,-0.0000
-13.1111,-0.0000
-12.3056,-0.0000
-11.6612,-0.0000
-10.9203,-0.0000
-9.7936,-0.0000
-3.8094,-0.0000
-3.3038,-0.0000
-3.0919,-0.0000
-2.9358,-0.0000
-2.1042,-0.0000
