x,y
0.0000,0.0000
0.1450,0.0000
0.8700,-0.0004
1.9655,0.0023
3.1576,0.0176
5.5408,0.0923
6.9057,0.2039
8.1049,0.3521
8.8394,0.4505
9.1264,0.4919
9.3335,0.5230
9.6680,0.5742
10.0977,0.6414
10.7186,0.7376
11.1492,0.7998
11.4689,0.8396
11.8378,0.8744
12.2880,0.9033
12.7066,0.9180
13.1899,0.9180
14.5567,0.8331
15.5139,0.6984
17.0053,0.4354
18.1957,0.2279
18.6404,0.1523
18.8787,0.1120
19.1648,0.0645
19.6420,-0.0119
20.1998,-0.0945
20.8231,-0.1737
22.0894,-0.3015
22.5555,-0.3335
23.0064,-0.3491
23.4575,-0.3495
23.8922,-0.3360
24.3264,-0.3087
24.8395,-0.2593
25.4613,-0.1684
26.3133,0.0074
27.4099,0.2707
28.1593,0.4613
28.4085,0.5274
28.5485,0.5650
29.6369,0.8602
30.5168,1.0596
31.4097,1.1888
32.5295,1.3231
33.4721,1.4451
33.8400,1.4892
34.1766,1.5233
34.6906,1.5637
35.2537,1.5926
35.8819,1.6044
36.4618,1.5942
36.8641,1.5739
37.3137,1.5374
37.7777,1.4827
38.3652,1.3818
39.5310,1.1324
40.8038,0.8443
41.4461,0.6902
41.6492,0.6391
41.8366,0.5915
42.3054,0.4738
42.9782,0.3089
44.2185,0.0233
44.6922,-0.0726
45.1690,-0.1519
45.7605,-0.2257
46.2260,-0.2657
46.6282,-0.2863
47.0470,-0.2935
47.5625,-0.2858
48.1413,-0.2486
49.1813,-0.1263
50.4260,0.0469
51.2079,0.1559
51.6718,0.2111
52.2507,0.2470
52.8628,0.2376
53.2963,0.2019
54.7153,-0.0044
55.8408,-0.2083
56.4880,-0.3405
56.7695,-0.4102
57.0483,-0.4900
57.4154,-0.6115
57.8801,-0.7944
58.3034,-0.9920
58.7558,-1.2393
59.1909,-1.5158
60.2848,-2.3397
60.6358,-2.6480
61.1831,-3.1713
62.1497,-4.1413
62.5311,-4.5566
62.6940,-4.7564
62.8853,-5.0157
63.1271,-5.3773
63.4330,-5.9076
64.5654,-8.0607
65.0849,-9.0978
65.2374,-9.4356
65.5190,-10.0861
66.0196,-11.2211
66.3769,-12.0495
66.5176,-12.3923
66.5831,-12.5570
66.6587,-12.7523
66.8079,-13.1609
66.9617,-13.6191
67.1895,-14.3749
67.4634,-15.4190
67.6290,-16.1083
67.7159,-16.4519
67.8456,-16.8840
68.0065,-17.3226
68.2860,-17.9388
68.9374,-19.0882
69.2167,-19.5022
69.5211,-19.8981
69.8702,-20.2991
70.0937,-20.5312
70.3738,-20.7978
70.7162,-21.0915
71.2994,-21.5221
72.5014,-22.2740
73.6256,-22.9366
74.2137,-23.2712
74.5726,-23.4540
74.9108,-23.6055
75.3601,-23.7835
76.1754,-24.0870
77.1153,-24.4253
77.6522,-24.5976
78.0565,-24.7072
78.8854,-24.9120
81.1051,-25.4658
81.7922,-25.6403
82.4012,-25.7948
83.0730,-25.9639
83.7140,-26.1232
84.3554,-26.2812
84.7779,-26.3846
85.1070,-26.4632
85.2958,-26.5049
85.6442,-26.5697
86.6168,-26.7105
89.4462,-27.0662
90.2463,-27.1591
90.6155,-27.1912
91.0340,-27.2088
91.8395,-27.2037
92.9024,-27.1742
93.7075,-27.1473
94.1899,-27.1170
94.5743,-27.0754
94.9880,-27.0098
95.6831,-26.8710
96.8291,-26.6064
97.3106,-26.4739
97.6326,-26.3701
98.0254,-26.2247
98.4397,-26.0460
100.4184,-25.1052
101.2880,-24.6472
101.7828,-24.3448
102.0487,-24.1627
102.3325,-23.9504
102.6310,-23.7046
102.9865,-23.3772
103.4174,-22.9199
103.7231,-22.5455
103.9871,-22.1798
104.6454,-21.1474
105.2481,-20.1562
105.8655,-19.1364
106.1035,-18.7157
106.2437,-18.4436
106.4191,-18.0632
106.7375,-17.2883
107.1298,-16.2827
107.4590,-15.4082
107.6347,-14.8894
107.7960,-14.3491
108.0593,-13.4357
108.6590,-11.3619
108.8432,-10.6940
108.9648,-10.2096
109.0752,-9.7060
109.1613,-9.2468
109.2693,-8.5626
109.3958,-7.6042
109.4730,-6.9644
109.5352,-6.5339
109.6124,-6.1386
109.7223,-5.7011
110.0211,-4.7480
110.1932,-4.2963
110.4210,-3.7982
110.6743,-3.3308
110.9120,-2.9473
111.0845,-2.6945
111.3163,-2.3850
111.6260,-2.0139
111.9805,-1.6396
112.3349,-1.3110
112.6705,-1.0342
113.0077,-0.7858
113.3307,-0.5731
113.6921,-0.3614
114.2397,-0.0877
115.1290,0.2912
115.5830,0.4570
115.9997,0.5817
116.5491,0.7089
117.0100,0.7851
117.5066,0.8383
118.4865,0.9130
119.6271,0.9998
120.6075,1.0676
121.1705,1.0986
121.5569,1.1144
122.2173,1.1256
122.7972,1.1181
123.1675,1.1041
123.4570,1.0876
123.8907,1.0532
124.5311,0.9816
125.0880,0.8928
125.7499,0.7523
126.8145,0.4939
127.9257,0.2226
128.5518,0.0699
128.9113,-0.0200
129.6303,-0.1994
130.4147,-0.3826
131.1122,-0.5093
132.0543,-0.6356
132.9012,-0.7443
133.4288,-0.8100
133.6689,-0.8375
134.0696,-0.8782
134.6962,-0.9243
135.4207,-0.9506
136.2101,-0.9534
136.6290,-0.9484
137.3540,-0.9503
137.8689,-0.9762
138.2853,-1.0210
138.6354,-1.0763
138.9827,-1.1473
139.3110,-1.2291
139.6667,-1.3329
140.2815,-1.5259
141.0186,-1.7599
141.8781,-2.0342
142.3844,-2.1964
143.3354,-2.5019
143.8261,-2.6601
143.9181,-2.6898
144.3932,-2.8437
145.3126,-3.1422
145.8481,-3.3188
145.9243,-3.3449
146.3012,-3.4869
147.0323,-3.8252
147.5357,-4.1132
147.8187,-4.2987
148.5212,-4.8118
149.0975,-5.3029
149.4621,-5.6675
149.7507,-5.9929
150.0304,-6.3468
150.2713,-6.6895
150.5182,-7.0861
150.7196,-7.4534
150.8273,-7.6698
150.9451,-7.9170
151.2669,-8.6024
151.6382,-9.4070
151.8119,-9.7881
151.8775,-9.9353
152.0945,-10.4382
152.4662,-11.3131
152.8045,-12.1146
152.9475,-12.4564
153.0402,-12.6796
153.2309,-13.1412
153.4330,-13.6329
153.6467,-14.1547
153.9594,-14.8971
154.1896,-15.4470
154.3300,-15.8072
154.5188,-16.3385
154.7650,-17.0886
155.0732,-18.0048
155.3024,-18.6585
155.4937,-19.2231
155.6015,-19.5776
155.8897,-20.7012
156.2801,-22.4959
156.3597,-22.9071
156.3714,-22.9705
156.4247,-23.2719
156.5401,-24.0203
156.6042,-24.5481
156.6503,-25.0615
156.6764,-25.5119
156.6839,-25.9790
156.6349,-26.9928
156.3564,-30.2191
156.2952,-31.0061
156.2731,-31.7147
156.2937,-32.5361
156.3417,-33.6144
156.3760,-34.2579
156.3990,-34.5955
156.4199,-34.8524
156.4510,-35.1731
156.5135,-35.6848
156.6953,-36.8631
156.8086,-37.4483
156.9510,-38.0437
157.0993,-38.5711
157.3115,-39.1966
157.6728,-40.1105
158.0261,-40.9407
158.2111,-41.3521
158.3411,-41.6292
158.9230,-42.8331
159.2803,-43.6616
159.4080,-44.0265
159.6090,-44.6388
160.0479,-45.9190
160.4086,-47.0045
160.5499,-47.4835
160.6118,-47.7171
160.7036,-48.1258
160.8815,-49.1087
161.0650,-50.2704
161.1679,-50.9880
161.2136,-51.3557
161.2463,-51.6601
161.2851,-52.0933
161.3143,-52.5435
161.3581,-53.7026
161.3577,-54.2826
161.3111,-55.0223
161.1772,-56.2231
161.0286,-57.3410
160.9333,-57.9784
160.8861,-58.2808
160.8210,-58.7760
160.7546,-59.6596
160.7078,-60.7864
160.6749,-61.6396
160.6534,-62.3320
160.6465,-62.8797
160.6568,-63.5402
160.6758,-63.9909
160.7166,-64.5533
160.7911,-65.1934
160.9851,-66.2389
161.2251,-67.2251
161.4332,-68.0532
161.5508,-68.6047
161.6314,-69.1628
161.6714,-69.7091
161.6908,-70.5949
161.7044,-73.2210
161.6965,-73.8331
161.6803,-74.1549
161.6493,-74.4918
161.5860,-74.9384
161.4861,-75.4278
161.3511,-75.9254
161.2010,-76.3678
161.0441,-76.7562
160.6413,-77.6349
159.8803,-79.2354
159.4494,-80.1186
159.2334,-80.5146
158.8544,-81.1515
158.3191,-81.9948
158.0491,-82.3761
157.7324,-82.7829
157.1574,-83.4989
156.7135,-84.0308
156.4521,-84.3156
155.9947,-84.7696
153.5397,-87.0741
153.0697,-87.4911
152.9335,-87.6045
152.4839,-87.9448
152.0251,-88.2441
151.6034,-88.4802
151.0150,-88.7803
150.1075,-89.2349
149.3693,-89.5957
148.9583,-89.7816
148.5267,-89.9606
147.6043,-90.3439
146.5805,-90.7769
145.9961,-91.0076
145.6929,-91.1167
145.0248,-91.3538
144.1909,-91.6533
143.4232,-91.8975
140.4368,-92.7630
139.6953,-92.9827
139.4475,-93.0538
139.1356,-93.1345
137.8018,-93.4449
135.9946,-93.8528
135.2399,-94.0216
134.8148,-94.1138
134.5149,-94.1753
134.2459,-94.2269
133.8650,-94.2930
133.3871,-94.3652
133.0197,-94.4135
132.6352,-94.4543
132.2498,-94.4856
131.8315,-94.5084
130.3335,-94.5357
129.3993,-94.5173
128.6591,-94.4809
128.4661,-94.4694
128.1283,-94.4501
127.4523,-94.4203
126.8402,-94.4082
126.2925,-94.4152
125.7453,-94.4407
130.9906,-87.8396
130.0889,-88.0133
128.9888,-88.2616
128.2516,-88.4344
127.5716,-88.5669
126.2444,-88.7300
125.6813,-88.7595
125.1175,-88.7511
124.6997,-88.7214
124.2200,-88.6617
123.3771,-88.5257
122.5542,-88.3687
121.8636,-88.2087
121.5218,-88.1147
120.9120,-87.9064
120.1771,-87.5764
119.7264,-87.3261
119.3593,-87.0928
119.0056,-86.8397
118.3067,-86.2949
117.3545,-85.5252
116.6747,-84.9568
116.3865,-84.6990
115.5526,-83.8928
114.3106,-82.6286
113.7454,-82.0322
113.5197,-81.7802
113.0248,-81.2071
112.2198,-80.2845
111.4972,-79.4611
111.0537,-78.9501
110.8870,-78.7534
110.7536,-78.5920
110.5610,-78.3540
110.3345,-78.0608
109.9498,-77.5238
109.3732,-76.6497
108.6468,-75.5270
108.3387,-75.0937
107.8071,-74.4672
107.4528,-74.1152
107.1514,-73.8481
106.8240,-73.5868
106.4969,-73.3517
106.0893,-73.0920
105.2615,-72.6249
104.6219,-72.3192
104.1121,-72.1190
103.7452,-71.9967
103.4353,-71.9088
103.0590,-71.8199
102.7106,-71.7548
102.1994,-71.6878
100.7524,-71.5955
100.0275,-71.6090
99.6264,-71.6458
99.2277,-71.7025
98.3860,-71.8464
97.5446,-71.9918
96.8311,-72.1205
95.7712,-72.3246
95.1242,-72.4578
94.3080,-72.6466
93.6857,-72.8139
93.3927,-72.9027
93.2240,-72.9567
92.8580,-73.0815
92.2702,-73.3034
91.8536,-73.4764
91.4862,-73.6414
91.0523,-73.8543
90.4164,-74.2026
89.4459,-74.7770
88.5279,-75.3449
87.9707,-75.6995
87.5632,-75.9595
86.8946,-76.3792
86.4623,-76.6293
85.4802,-77.1148
84.4200,-77.5854
83.5742,-77.9432
83.2887,-78.0535
83.0145,-78.1478
82.5970,-78.2700
81.9697,-78.4177
81.0537,-78.6020
79.5076,-78.8294
78.9934,-78.8675
78.5907,-78.8762
78.1399,-78.8623
77.6105,-78.8129
77.1334,-78.7354
76.6936,-78.6354
76.2602,-78.5101
74.9913,-78.0397
74.5523,-77.8375
74.2108,-77.6562
73.9058,-77.4757
73.5163,-77.2176
73.0678,-76.8758
72.6808,-76.5353
72.3836,-76.2401
72.0015,-75.8253
70.0988,-73.7230
69.2606,-72.7868
68.9723,-72.4399
68.8248,-72.2485
68.4748,-71.7462
68.1938,-71.2759
67.8978,-70.7035
67.5176,-69.9390
67.1491,-69.2227
66.9047,-68.7505
66.5760,-68.1043
66.3626,-67.6706
66.0392,-66.9682
65.8633,-66.5528
65.4024,-65.3320
65.1296,-64.5398
64.9307,-64.0122
71.4648,-64.5257
71.2835,-64.1480
71.0904,-63.7946
70.8441,-63.3975
70.2605,-62.5672
69.7689,-61.9702
69.4102,-61.5999
69.0049,-61.2314
68.6539,-60.9481
68.2346,-60.6481
67.8251,-60.3913
67.4439,-60.1819
66.4548,-59.7109
65.9154,-59.4978
65.4549,-59.3510
65.0335,-59.2429
64.5751,-59.1528
64.0960,-59.0888
63.6461,-59.0559
63.2595,-59.0481
63.0179,-59.0531
62.4225,-59.0813
61.1068,-59.2007
59.5891,-59.3985
58.6625,-59.5186
58.5346,-59.5344
58.1033,-59.5914
57.5295,-59.6760
57.0528,-59.7558
56.6571,-59.8305
56.4046,-59.8828
56.0432,-59.9645
55.5902,-60.0787
54.5981,-60.3597
53.9125,-60.5954
52.3480,-61.2386
51.1985,-61.7465
50.6693,-61.9839
50.4633,-62.0757
49.9918,-62.2841
49.2675,-62.5982
48.7302,-62.8164
48.1067,-63.0346
47.1521,-63.3286
46.2716,-63.5894
45.7138,-63.7485
45.3718,-63.8413
44.9972,-63.9371
44.5423,-64.0435
44.0054,-64.1525
43.5927,-64.2241
43.2422,-64.2768
42.8428,-64.3285
42.4103,-64.3746
41.9767,-64.4099
41.4458,-64.4382
39.7865,-64.4595
38.7882,-64.4281
38.3699,-64.4047
38.1770,-64.3929
37.8231,-64.3719
37.2760,-64.3457
36.7606,-64.3339
36.2451,-64.3399
35.8106,-64.3611
35.4894,-64.3865
35.1368,-64.4221
34.7210,-64.4729
34.3226,-64.5325
33.7509,-64.6297
33.5764,-64.6609
33.1648,-64.7389
32.5800,-64.8540
31.8060,-65.0095
31.5851,-65.0551
31.0201,-65.1860
30.1228,-65.4467
29.5141,-65.6582
29.1675,-65.7895
28.8237,-65.9276
28.4242,-66.0998
28.0299,-66.2834
27.6262,-66.4848
27.2284,-66.6974
26.8092,-66.9379
26.5068,-67.1229
26.1019,-67.3868
25.6650,-67.6898
25.2246,-68.0155
24.7846,-68.3681
24.4192,-68.6845
24.2051,-68.8800
24.0295,-69.0461
23.7099,-69.3644
23.2612,-69.8491
22.4863,-70.7551
22.1938,-71.1195
21.9327,-71.4674
21.6648,-71.8502
21.4027,-72.2562
21.1735,-72.6448
20.9533,-73.0569
20.7975,-73.3752
20.6381,-73.7275
20.4779,-74.1145
20.2973,-74.5974
20.1489,-75.0404
19.9961,-75.5496
19.8918,-75.9387
19.7884,-76.3778
19.6993,-76.8200
19.6202,-77.2968
19.4937,-78.2714
19.4374,-78.8810
19.3977,-79.6371
19.3823,-80.3781
19.3939,-81.2158
19.4414,-81.8746
19.5570,-82.8343
19.6598,-83.5031
19.7499,-83.9615
19.8409,-84.3373
19.9842,-84.8158
20.3337,-85.7858
20.5309,-86.2621
20.9567,-87.2012
21.2116,-87.7222
21.4666,-88.1887
21.7325,-88.6304
22.1472,-89.2831
22.5071,-89.8370
22.7367,-90.1873
23.2961,-91.0342
23.5676,-91.4341
23.7374,-91.6692
24.0583,-92.0727
24.4479,-92.5023
24.7604,-92.8049
25.1233,-93.1242
25.9225,-93.8008
26.4321,-94.2211
26.7387,-94.4567
27.0419,-94.6697
27.4232,-94.9107
27.8455,-95.1458
28.2515,-95.3423
28.9455,-95.6452
30.0411,-96.1153
30.8854,-96.4765
31.6025,-96.7659
32.0274,-96.9176
32.7411,-97.1171
34.1089,-97.4233
34.8969,-97.5904
35.2916,-97.6707
35.5606,-97.7219
35.8621,-97.7752
36.8811,-97.9324
37.3609,-97.9905
37.8263,-98.0320
38.2283,-98.0568
38.7919,-98.0734
39.4524,-98.0624
40.2231,-97.9989
41.2130,-97.8658
42.2003,-97.7144
42.6773,-97.6361
43.0266,-97.5761
43.3925,-97.5177
44.0013,-97.4531
45.0634,-97.4015
46.0940,-97.3713
46.7383,-97.3603
47.4633,-97.3683
47.9779,-97.3984
48.9176,-97.5416
49.4177,-97.6668
49.8174,-97.7923
50.1798,-97.9271
50.6231,-98.1197
50.9969,-98.3086
51.3598,-98.5179
52.2590,-99.1149
52.7052,-99.4597
53.3644,-100.0757
53.6556,-100.3988
53.9089,-100.7120
54.1572,-101.0494
54.3897,-101.3978
54.6184,-101.7866
54.8515,-102.2464
55.0544,-102.7204
55.2163,-103.1758
55.4403,-103.8991
55.7261,-104.8562
55.9468,-105.6309
56.0429,-106.0220
56.5611,-108.3659
56.6940,-109.0458
56.7495,-109.4122
56.8497,-110.1302
57.0272,-111.3417
57.1132,-112.0291
57.1493,-112.4626
57.1985,-113.2021
57.2559,-114.1347
57.2685,-114.6179
57.2459,-115.5198
57.1992,-116.0817
57.0976,-116.8158
56.9194,-117.8641
56.7930,-118.4466
56.6936,-118.8036
56.5720,-119.1707
56.4989,-119.3669
56.3648,-119.7123
55.4028,-122.1732
55.3439,-122.3231
55.3261,-122.3680
55.2127,-122.6524
54.9115,-123.3995
54.6502,-124.0410
54.6196,-124.1156
54.4467,-124.5322
54.0544,-125.4683
53.8286,-126.0025
53.7970,-126.0767
53.7651,-126.1506
53.0838,-127.6990
52.5468,-128.9060
52.4482,-129.1266
52.3560,-129.3325
51.9537,-130.2291
51.7323,-130.7125
51.5903,-131.0017
51.3723,-131.3966
51.1408,-131.7649
50.8798,-132.1329
50.6498,-132.4233
50.3953,-132.7144
50.1041,-133.0155
49.0737,-133.9418
48.7042,-134.2277
48.1948,-134.5955
47.2855,-135.2350
46.5046,-135.7182
46.2193,-135.8680
45.5562,-136.1990
44.6606,-136.6413
44.0148,-136.9336
43.3840,-137.1785
40.8801,-138.0711
40.0715,-138.3453
39.6397,-138.4759
38.8805,-138.6924
37.6244,-139.0460
36.5184,-139.3381
36.0339,-139.4591
35.7365,-139.5317
35.3445,-139.6240
34.8406,-139.7331
34.2548,-139.8432
33.7452,-139.9217
33.3455,-139.9712
33.0089,-140.0047
32.5911,-140.0359
32.3176,-140.0494
31.0451,-140.0724
30.3205,-140.0489
29.0996,-139.9561
27.7370,-139.8195
27.2730,-139.7644
27.0010,-139.7322
26.4551,-139.6880
25.3919,-139.6694
24.2160,-139.6905
23.2980,-139.7131
22.7505,-139.7299
22.4285,-139.7427
21.7054,-139.7941
20.8894,-139.8908
20.4753,-139.9537
20.1579,-140.0091
19.7944,-140.0809
19.1665,-140.2263
18.5920,-140.3853
17.9649,-140.5927
16.8169,-141.0184
15.7628,-141.4193
15.2215,-141.6277
15.0414,-141.6980
14.9064,-141.7508
14.6212,-141.8619
14.2300,-142.0117
13.8223,-142.1635
12.6372,-142.5813
12.2846,-142.6953
11.6029,-142.8896
11.1494,-143.0020
10.7560,-143.0886
10.2333,-143.1856
9.7075,-143.2641
9.1144,-143.3240
8.2936,-143.3603
6.9888,-143.3822
6.1188,-143.3890
5.7483,-143.3894
5.0716,-143.3884
4.2822,-143.3860
3.7022,-143.3878
3.3156,-143.3939
2.8487,-143.4094
2.2537,-143.4466
1.6927,-143.5032
1.2459,-143.5650
0.8329,-143.6354
0.4223,-143.7183
-0.0013,-143.8170
-0.4210,-143.9312
-0.8805,-144.0813
-1.4044,-144.2898
-3.8140,-145.3736
-4.6208,-145.7400
-5.2491,-145.9912
-5.8027,-146.1640
-6.3360,-146.2894
-6.8604,-146.3765
-7.6762,-146.4744
-8.3659,-146.5396
-8.7519,-146.5620
-9.0902,-146.5664
-9.4928,-146.5531
-10.0384,-146.5049
-10.7896,-146.4099
-11.4594,-146.3136
-11.7925,-146.2547
-12.1853,-146.1655
-12.6807,-146.0227
-13.0775,-145.8886
-13.8197,-145.6197
-15.1929,-145.1060
-15.3436,-145.0491
-15.4340,-145.0149
-15.9459,-144.8198
-16.6072,-144.5647
-16.9373,-144.4355
-17.4616,-144.2280
-18.5544,-143.7934
-19.3516,-143.4875
-20.1863,-143.1900
-20.9334,-142.9349
-22.1090,-142.4911
-22.5781,-142.2773
-23.0458,-142.0245
-23.4148,-141.7941
-23.7576,-141.5533
-24.0873,-141.2950
-24.3911,-141.0305
-24.6924,-140.7395
-24.9775,-140.4327
-25.2860,-140.0606
-25.5627,-139.6841
-25.8082,-139.3057
-25.9623,-139.0412
-26.1100,-138.7731
-28.0965,-134.9940
-28.5709,-133.9888
-28.6475,-133.8112
-28.7621,-133.5274
-28.9254,-133.0554
-29.1569,-132.2001
-29.4874,-130.7387
-29.8189,-129.1951
-29.8777,-128.9111
-30.0270,-128.1195
-30.1590,-127.2433
-30.2181,-126.7312
-30.2762,-126.0247
-30.3463,-124.7377
-30.3965,-123.4337
-30.4117,-122.8700
-30.4154,-122.7090
-30.4199,-122.4996
-30.4289,-122.0647
-30.4423,-121.5171
-30.4926,-120.2453
-30.5335,-119.6507
-30.5953,-119.0740
-30.6578,-118.6435
-30.7348,-118.2154
-30.8086,-117.8687
-30.8951,-117.5084
-31.0000,-117.1195
-31.1409,-116.6572
-31.2963,-116.1995
-31.5687,-115.4758
-31.8964,-114.6699
-32.1485,-114.0768
-32.2699,-113.7958
-32.3463,-113.6182
-32.4775,-113.3064
-32.6706,-112.8283
-32.9138,-112.1797
-33.3569,-110.8499
-33.6461,-109.8603
-33.8705,-109.0030
-34.0542,-108.2518
-34.1107,-108.0169
-34.1968,-107.6731
-34.4155,-106.9145
-34.6345,-106.2743
-34.9153,-105.5365
-35.1619,-104.9237
-35.3031,-104.5811
-35.3460,-104.4768
-35.4610,-104.1932
-35.9036,-103.0515
-36.1118,-102.4587
-36.2634,-101.9660
-36.4734,-101.1550
-36.7737,-99.8024
-36.9978,-98.6971
-37.0719,-98.3012
-37.0776,-98.2695
-37.1089,-98.0951
-37.1914,-97.6352
-37.2890,-97.0962
-37.3843,-96.5895
-37.4666,-96.1953
-37.5652,-95.7882
-37.6915,-95.3383
-37.8453,-94.8632
-37.9947,-94.4547
-38.2100,-93.9335
-39.0332,-92.2378
-39.5397,-91.3029
-40.3209,-89.9494
-40.7200,-89.2312
-40.8991,-88.8704
-40.9824,-88.6960
-41.1751,-88.2881
-41.4977,-87.6031
-41.7847,-86.9903
-41.9959,-86.5377
-42.1931,-86.1142
-42.7486,-84.9155
-42.9715,-84.4329
-43.0456,-84.2719
-43.1934,-83.9497
-43.6415,-82.9678
-43.9416,-82.3078
-43.9949,-82.1904
-44.0604,-82.0433
-44.3625,-81.3314
-44.8408,-80.1868
-38.5885,-85.9551
-38.7933,-85.5352
-38.8972,-85.3170
-39.0254,-85.0390
-39.6970,-83.4865
-39.9135,-82.8966
-40.0734,-82.3224
-40.1869,-81.7700
-40.3481,-80.8333
-40.5230,-79.8008
-40.6241,-79.1317
-40.7235,-78.2026
-40.7524,-77.6717
-40.7388,-76.9469
-40.6994,-76.4975
-40.5963,-75.6012
-40.4359,-74.3874
-40.3048,-73.6416
-40.2033,-73.1855
-40.0600,-72.6569
-39.6231,-71.5476
-39.4139,-71.1479
-39.2083,-70.8016
-38.9477,-70.4138
-38.6234,-69.9925
-38.3164,-69.6403
-37.7233,-69.0039
-36.5112,-67.7782
-36.0332,-67.3459
-35.4124,-66.8077
-34.6404,-66.1241
-34.1969,-65.7504
-33.2827,-65.0105
-32.6196,-64.4726
-32.1176,-64.0947
-31.7446,-63.8410
-31.0080,-63.3485
-29.0738,-62.0386
-28.4789,-61.6531
-28.0519,-61.3941
-27.1270,-60.8375
-26.1885,-60.2723
-25.5983,-59.9413
-25.0159,-59.6298
-24.3057,-59.2497
-23.6478,-58.9084
-23.1853,-58.6806
-22.8790,-58.5369
-22.5556,-58.3919
-22.2444,-58.2592
-21.8859,-58.1144
-21.5397,-57.9824
-21.0538,-57.8100
-19.7594,-57.4149
-18.8841,-57.1966
-18.3007,-57.0740
-18.0949,-57.0349
-17.7623,-56.9732
-17.2400,-56.8737
-16.5787,-56.7305
-15.7071,-56.4974
-15.0169,-56.2756
-14.5628,-56.1102
-14.2636,-55.9905
-13.9383,-55.8499
-13.5876,-55.6871
-12.0265,-54.8827
-11.2998,-54.4660
-10.7211,-54.1154
-10.5289,-53.9972
-10.3776,-53.9050
-10.0589,-53.7160
-9.3537,-53.3267
-8.7742,-53.0447
-8.0888,-52.7628
-7.0284,-52.3790
-5.3649,-58.4707
-4.7553,-58.2617
-4.4650,-58.1646
-4.2512,-58.0931
-2.9238,-57.6428
